9 1.0 0.8368421052631579
19 1.0 0.7842105263157895
29 1.0 0.6684210526315789
10 0.0 0.17894736842105263
20 1.0 0.6157894736842106
28 1.0 0.631578947368421
1 0.0 0.28421052631578947
11 0.0 0.18421052631578946
21 1.0 0.4789473684210526
2 0.0 0.23157894736842105
12 1.0 0.868421052631579
22 1.0 0.5526315789473685
3 0.0 0.38421052631578945
13 0.0 0.22631578947368422
23 1.0 0.5947368421052631
24 1.0 0.8315789473684211
4 0.0 0.26842105263157895
14 0.0 0.20526315789473684
25 1.0 0.5368421052631579
5 0.0 0.17894736842105263
15 1.0 0.8473684210526315
16 0.0 0.21578947368421053
26 1.0 0.7105263157894737
6 0.0 0.37894736842105264
17 1.0 0.8052631578947368
27 1.0 0.6210526315789474
7 0.0 0.22631578947368422
0 0.0 0.3157894736842105
8 0.0 0.19473684210526315
18 0.0 0.23684210526315788
